start_date,end_date
197901,197912
198001,198012
198101,198112
198201,198212
198301,198312
198401,198412
198501,198512
198601,198612
198701,198712
198801,198812
198901,198912
199001,199012
199101,199112
199201,199212
199301,199312
199401,199412
199501,199512
199601,199612
199701,199712
199801,199812
199901,199912
200001,200012
200101,200112
200201,200212
200301,200312
200401,200412
200501,200512
200601,200612
200701,200712
200801,200812
200901,200912
201001,201012
201101,201112
201201,201212
201301,201312
201401,201412
201501,201512
201601,201612
201701,201712
201801,201812
201901,201912
202001,202012
202101,202112
202201,202212
202301,202312
202401,202412
